3	350	7	474	22	482	49	
4	410	19	555	13	945	31	876	11	
2	411	30	493	22	
2	683	50	218	24	
2	166	45	509	49	
3	291	40	8	50	866	22	
4	783	32	536	13	29	46	562	22	
3	831	5	896	15	837	5	
2	541	19	212	29	
4	354	9	227	15	961	31	180	6	
4	146	39	175	41	103	8	399	25	
4	189	50	875	10	502	16	0	7	
3	946	33	597	45	867	9	
2	894	38	854	27	
4	904	11	30	19	196	5	964	10	
3	25	48	473	47	987	32	
3	333	10	134	48	57	41	
3	553	11	706	12	990	27	
3	854	3	336	34	492	45	
2	768	17	477	47	
2	460	15	735	21	
4	598	14	657	14	638	37	630	27	
3	385	16	606	16	193	36	
3	409	1	977	3	375	41	
2	502	34	985	37	
3	156	19	34	2	912	12	
4	652	5	705	22	489	4	669	18	
2	827	28	814	11	
4	471	31	464	30	393	13	403	33	
2	49	32	817	4	
4	216	21	841	24	621	43	978	23	
2	954	42	534	42	
4	338	9	291	1	967	32	192	33	
4	835	19	112	33	576	26	751	28	
4	272	27	360	28	28	31	661	24	
3	990	16	744	46	201	29	
4	918	32	255	43	623	6	360	35	
4	517	14	384	16	638	20	330	40	
3	562	40	143	47	584	34	
4	877	1	32	24	638	27	219	8	
3	39	20	352	5	67	5	
2	769	26	962	20	
2	28	47	456	7	
2	255	24	471	47	
2	600	18	169	1	
4	496	44	408	20	518	7	336	50	
4	419	5	537	4	239	35	549	4	
3	789	21	429	7	745	19	
4	411	38	549	35	940	21	565	8	
3	99	32	634	13	731	4	
3	329	8	394	1	972	40	
4	610	37	395	4	103	30	334	22	
2	138	41	420	21	
4	587	25	408	50	477	19	228	46	
4	52	4	307	10	281	12	682	2	
2	698	48	379	20	
3	919	41	48	50	290	35	
4	772	46	10	29	175	12	766	38	
3	15	19	670	4	699	41	
3	970	42	596	17	994	19	
4	971	50	134	41	706	1	91	23	
3	700	26	871	40	554	41	
2	29	27	999	5	
2	172	8	540	44	
4	837	8	291	46	138	43	1	50	
4	685	22	177	25	176	2	736	42	
4	68	21	273	14	250	18	112	49	
4	751	50	921	4	931	18	283	23	
4	917	35	646	9	96	30	227	4	
4	793	13	630	11	691	47	933	31	
3	970	39	496	4	721	15	
4	296	33	226	37	890	47	971	5	
3	931	45	132	12	843	45	
4	55	13	832	26	306	14	69	22	
2	109	28	745	2	
3	569	27	71	20	537	37	
2	249	46	24	1	
4	309	22	646	26	209	44	122	9	
3	125	14	579	21	407	8	
3	220	45	534	2	32	20	
2	79	24	172	36	
2	845	27	499	8	
2	927	35	839	3	
3	889	5	446	2	296	37	
2	490	47	143	39	
4	319	5	509	34	64	11	420	1	
4	47	8	240	12	758	34	734	37	
3	733	36	685	4	394	18	
3	565	49	872	28	229	50	
4	327	11	240	26	778	36	689	29	
2	982	26	390	28	
2	466	8	937	31	
4	208	11	490	16	824	50	484	43	
4	180	48	528	2	152	10	313	9	
2	761	17	184	15	
2	4	44	376	7	
3	26	16	565	34	137	39	
2	300	34	450	28	
2	381	8	84	18	
3	40	5	57	3	936	43	
2	91	15	179	7	
2	989	49	489	15	
4	775	23	908	21	681	38	680	12	
4	447	1	96	5	738	40	56	47	
3	756	48	131	47	32	35	
4	729	36	117	31	219	18	247	32	
2	368	1	995	16	
2	114	44	213	32	
4	521	25	141	33	791	3	227	5	
3	316	26	792	40	204	9	
2	16	38	913	35	
2	275	26	243	1	
4	760	38	10	30	939	19	657	12	
2	168	5	791	31	
3	532	2	33	14	174	16	
2	460	24	370	2	
3	483	37	818	31	283	7	
4	202	6	174	1	888	41	382	2	
4	618	47	361	3	440	46	444	22	
4	204	45	868	18	895	37	535	8	
3	969	46	465	39	305	47	
4	905	18	676	20	336	8	28	12	
4	781	16	733	46	331	22	40	26	
4	57	30	869	7	498	20	129	50	
4	680	12	649	47	609	21	912	32	
4	217	29	543	15	211	22	162	48	
2	767	47	805	45	
4	929	30	409	9	0	32	378	13	
4	442	2	174	2	948	43	102	4	
2	394	16	699	40	
2	838	26	779	5	
4	70	4	46	32	168	12	449	19	
4	403	8	417	25	711	7	384	28	
3	755	47	79	32	964	21	
3	651	44	984	34	336	18	
4	415	44	771	18	903	4	78	33	
4	579	19	875	44	927	24	696	9	
2	475	6	820	48	
4	691	20	188	10	187	26	581	42	
2	26	48	495	1	
3	342	32	720	45	214	25	
4	417	14	148	28	660	28	798	38	
2	661	50	185	21	
2	227	46	409	17	
3	723	40	434	14	336	6	
4	618	3	255	17	496	28	433	9	
4	817	47	398	21	35	28	518	35	
4	926	6	544	47	909	29	980	8	
3	464	42	531	50	539	29	
4	180	42	542	11	770	14	921	25	
4	544	3	347	33	100	21	181	50	
3	481	42	102	34	0	23	
2	966	33	226	15	
4	607	46	245	23	486	41	853	29	
4	585	40	269	16	858	45	80	24	
3	835	4	992	12	157	46	
3	705	21	293	16	579	33	
4	320	9	988	42	230	1	898	32	
4	22	30	583	44	864	46	825	21	
2	899	10	164	31	
2	540	2	884	1	
4	286	27	485	39	237	27	582	46	
2	7	45	479	41	
3	859	34	785	24	807	11	
3	574	3	964	40	972	32	
4	8	46	298	9	788	42	264	2	
4	490	36	575	29	194	13	494	45	
2	609	39	310	37	
2	418	26	796	11	
4	395	14	515	13	132	40	943	40	
2	536	37	744	44	
3	1	13	486	1	729	17	
3	176	28	582	36	402	49	
3	873	26	469	40	22	1	
2	604	43	127	27	
2	943	26	366	18	
2	238	30	543	33	
2	972	33	355	40	
2	802	47	691	14	
2	563	50	390	41	
3	855	12	179	21	241	25	
2	282	38	632	19	
4	114	29	231	10	408	45	985	41	
2	765	15	847	8	
3	813	19	755	30	181	13	
3	930	19	844	2	749	24	
4	503	20	143	13	537	36	665	45	
2	894	25	185	32	
2	61	1	489	12	
3	55	3	3	24	830	34	
4	551	9	563	3	461	21	668	28	
3	590	11	326	28	367	46	
2	838	14	228	3	
4	245	2	482	14	73	17	335	25	
2	122	4	35	50	
4	766	8	312	17	332	31	335	39	
3	316	16	617	35	929	7	
4	963	28	156	46	870	32	931	30	
2	962	42	807	41	
3	127	28	298	39	584	38	
3	235	6	143	25	629	29	
4	769	43	904	7	416	18	87	39	
2	880	18	804	27	
2	283	34	314	18	
2	807	6	793	38	
3	541	23	45	20	924	7	
4	839	33	514	40	240	34	271	16	
3	272	35	136	49	996	23	
3	116	43	517	33	20	43	
2	973	14	684	19	
3	489	21	997	1	557	18	
4	179	28	293	48	21	27	775	40	
2	315	41	280	29	
4	712	5	700	14	78	36	266	37	
3	226	5	895	35	485	50	
4	138	35	30	31	853	5	33	3	
2	994	35	431	33	
4	990	19	919	3	957	46	757	13	
4	517	45	492	5	642	22	751	18	
4	795	9	951	21	372	1	543	5	
2	576	23	330	38	
2	892	43	540	34	
3	734	5	844	41	6	28	
4	499	49	225	23	827	40	365	36	
2	374	28	286	20	
3	399	31	297	3	414	32	
3	824	38	785	7	234	49	
4	532	34	534	40	384	20	299	11	
2	78	43	21	8	
3	437	26	534	29	948	15	
2	904	39	798	7	
2	534	21	115	17	
4	587	21	144	42	91	1	904	41	
3	437	24	735	36	589	2	
4	223	27	178	15	906	29	170	13	
3	868	34	267	41	44	46	
4	535	18	849	4	779	34	985	34	
2	983	36	686	41	
2	20	5	474	44	
3	320	23	345	15	431	42	
4	467	26	245	25	546	6	219	19	
3	245	22	409	11	191	26	
2	680	48	865	42	
4	569	5	111	13	431	29	540	25	
4	960	2	624	4	250	47	966	3	
2	844	45	105	13	
4	944	46	548	32	381	48	385	36	
4	959	36	56	15	290	37	231	25	
2	793	14	254	50	
3	923	41	83	32	945	26	
4	178	38	253	4	135	26	550	16	
2	349	9	292	10	
4	218	5	959	35	67	23	543	5	
3	600	4	468	7	670	31	
4	842	35	607	43	14	43	915	28	
2	42	37	894	21	
3	770	22	567	14	904	27	
4	649	28	240	9	985	36	471	2	
3	8	47	601	5	349	8	
2	997	41	348	13	
2	108	16	635	10	
3	646	2	584	47	23	29	
4	399	16	318	14	40	41	670	2	
2	644	49	381	20	
2	235	17	355	9	
4	729	15	66	14	417	22	859	17	
4	929	50	704	33	736	26	623	45	
3	436	47	359	33	750	21	
4	997	4	319	1	255	37	612	3	
3	390	29	960	5	43	50	
4	433	24	729	25	152	45	241	28	
3	309	8	12	6	975	47	
3	255	50	335	46	133	33	
2	767	49	719	50	
2	711	35	950	40	
3	441	28	44	15	756	41	
2	771	42	489	20	
3	927	30	90	45	921	28	
2	5	40	581	36	
4	175	45	546	9	549	42	146	32	
4	363	17	738	19	168	40	283	37	
2	6	40	742	15	
2	327	1	123	50	
3	890	32	27	29	860	36	
2	591	10	707	16	
4	375	40	304	33	520	16	60	24	
3	647	21	424	26	928	11	
2	665	12	820	43	
2	640	38	388	42	
4	342	21	4	27	412	26	547	23	
4	14	46	354	4	392	30	356	2	
4	882	28	490	39	904	2	815	41	
4	957	33	469	12	687	10	617	43	
4	42	39	6	10	559	43	296	42	
4	349	29	68	10	872	46	152	11	
4	450	24	910	40	248	30	505	37	
3	299	44	84	45	517	45	
4	945	45	536	33	972	34	221	27	
3	197	4	64	1	689	28	
4	953	40	233	49	921	17	478	24	
2	764	44	60	40	
2	866	39	5	48	
2	982	9	40	16	
3	505	2	793	31	884	26	
4	651	24	731	44	70	23	664	43	
3	939	37	997	50	893	35	
2	156	2	780	42	
3	963	34	492	25	938	41	
4	986	14	642	12	223	34	521	21	
4	159	20	260	13	13	9	255	5	
4	548	46	181	21	787	25	401	5	
3	696	35	758	16	519	47	
4	355	25	533	37	588	12	337	19	
3	806	38	645	31	728	31	
3	737	21	362	47	971	45	
3	582	19	282	9	652	12	
4	485	31	215	36	885	32	586	46	
3	657	29	449	14	595	20	
2	973	24	398	11	
3	36	36	281	15	435	44	
3	625	32	343	39	511	23	
3	780	31	734	28	48	43	
4	718	39	849	3	633	26	242	18	
2	611	20	552	30	
4	545	50	451	30	329	32	723	38	
4	849	42	96	22	821	4	79	3	
4	897	35	444	33	181	10	908	48	
4	982	45	260	22	657	23	76	39	
2	314	32	865	48	
3	558	32	836	38	680	37	
4	35	25	601	23	203	47	463	10	
3	731	50	589	24	776	11	
2	666	39	430	26	
4	553	22	507	45	74	15	415	9	
4	145	6	689	37	534	19	5	47	
2	966	50	161	38	
3	446	44	517	33	633	1	
2	748	17	569	47	
4	634	4	36	22	916	21	234	17	
2	117	35	385	19	
4	628	31	122	31	585	7	171	10	
3	922	2	272	22	63	18	
3	453	45	181	33	441	24	
3	121	35	480	8	329	8	
2	523	28	975	15	
3	23	1	310	13	108	7	
2	224	11	843	11	
2	672	6	230	50	
4	232	37	708	48	856	9	26	39	
4	779	29	735	36	593	3	366	44	
2	398	14	615	37	
2	924	15	846	41	
4	218	36	37	43	435	49	590	47	
4	632	16	28	18	499	1	565	1	
3	487	14	468	40	660	22	
3	807	23	474	24	737	45	
3	882	10	82	49	880	48	
3	839	18	719	48	67	6	
4	953	9	76	39	510	46	726	30	
2	249	27	927	23	
4	72	18	551	7	157	23	726	43	
2	754	37	470	10	
3	71	32	721	34	191	50	
4	216	30	687	39	159	17	901	17	
4	828	25	252	25	154	8	722	15	
4	978	16	634	22	874	48	3	43	
4	400	20	704	39	991	20	707	47	
4	602	26	226	9	185	37	969	47	
4	740	36	144	46	809	44	192	16	
3	617	7	47	5	743	35	
4	797	15	421	45	727	27	579	49	
4	710	21	579	22	787	2	79	36	
4	576	7	174	35	576	25	122	26	
4	785	9	626	24	177	21	361	2	
3	728	7	840	1	574	41	
2	309	38	450	47	
4	789	29	362	20	228	17	636	42	
3	797	29	6	22	271	26	
2	808	49	83	19	
2	785	28	744	7	
2	346	22	188	7	
3	651	42	454	6	250	27	
2	154	27	615	2	
3	145	30	628	31	957	18	
4	635	44	191	6	574	2	614	9	
4	708	41	447	37	989	29	133	41	
2	81	5	114	30	
4	48	22	343	21	483	27	889	1	
4	80	17	228	28	551	29	158	13	
2	592	39	349	3	
4	275	42	362	9	232	21	542	43	
4	924	14	315	6	451	12	823	4	
2	763	48	95	23	
4	479	12	118	28	709	25	696	21	
2	385	48	755	34	
4	397	45	944	44	564	34	483	47	
2	990	12	38	43	
2	243	13	123	38	
3	78	2	170	48	473	21	
3	134	26	638	21	409	17	
4	430	34	288	50	556	45	420	26	
2	455	44	253	3	
2	752	18	388	31	
3	776	49	256	19	550	37	
2	962	42	755	28	
2	111	44	905	19	
3	839	21	615	29	133	23	
4	228	32	146	11	919	12	429	1	
2	97	4	529	41	
4	829	38	463	37	32	17	323	44	
4	364	2	365	1	53	23	348	47	
2	194	18	571	1	
4	188	32	461	45	236	11	371	6	
4	449	18	594	48	111	49	558	43	
4	720	31	359	23	437	5	415	48	
4	53	10	906	42	743	7	366	41	
2	623	10	387	24	
3	42	24	584	44	57	5	
4	983	7	813	30	165	9	783	36	
4	818	15	231	5	993	42	439	11	
4	570	43	394	33	865	38	800	31	
4	159	34	414	7	521	33	758	19	
3	783	47	419	15	493	17	
2	294	25	309	36	
3	974	26	677	15	805	39	
3	772	7	742	50	801	39	
2	59	16	176	9	
3	237	25	314	11	286	37	
4	174	9	22	15	323	46	253	23	
3	871	25	174	36	480	40	
4	158	35	614	1	125	35	573	34	
3	117	37	815	21	847	18	
4	849	24	742	40	868	9	66	30	
4	340	16	808	32	41	35	743	34	
3	695	35	407	23	461	2	
3	2	37	504	50	658	24	
4	791	48	219	24	617	6	238	3	
3	138	45	594	42	879	47	
3	149	48	75	45	482	16	
2	532	32	842	37	
2	60	10	594	22	
2	529	3	242	29	
2	25	37	531	32	
2	981	6	945	19	
3	91	48	288	2	468	11	
2	908	46	735	39	
3	700	18	584	42	781	33	
2	903	4	267	25	
4	928	15	143	48	524	26	485	30	
4	799	12	478	28	892	32	124	12	
2	617	46	703	23	
4	664	47	851	5	796	27	609	29	
4	131	8	616	38	918	22	720	15	
2	5	16	597	50	
4	48	8	168	27	398	21	43	22	
2	76	2	60	42	
3	561	1	875	41	130	16	
4	273	5	184	14	169	3	93	39	
3	566	16	542	7	177	48	
4	857	15	725	43	537	23	13	27	
4	780	40	601	43	543	2	371	37	
2	224	1	714	41	
3	990	32	658	30	646	38	
3	490	35	894	43	517	47	
2	250	43	717	2	
2	525	42	354	47	
4	436	21	884	19	880	49	736	48	
3	135	11	840	32	304	39	
4	378	7	247	22	82	36	719	41	
2	142	33	167	9	
3	393	36	373	45	943	37	
3	461	35	946	39	608	23	
2	160	46	789	47	
3	100	2	442	50	474	50	
2	343	42	862	22	
4	528	24	792	25	449	4	203	41	
2	395	47	966	25	
4	61	21	619	48	328	29	734	18	
2	60	35	140	11	
4	726	6	597	23	76	1	46	43	
2	426	16	318	46	
3	652	3	881	25	994	14	
4	339	29	944	34	912	20	87	40	
4	896	9	416	40	968	7	580	26	
3	254	5	169	14	560	6	
4	929	27	265	8	518	12	132	35	
3	191	48	237	5	976	36	
3	572	7	193	37	95	28	
2	964	28	422	13	
2	429	29	749	27	
2	838	36	313	49	
4	720	14	156	26	416	37	432	27	
2	932	11	641	45	
2	769	41	702	35	
3	934	19	993	17	381	24	
2	647	19	289	38	
3	714	14	363	19	577	16	
2	704	6	987	39	
2	354	16	13	13	
4	40	43	215	23	236	30	415	32	
3	616	25	562	13	357	26	
3	207	50	394	3	69	14	
2	911	44	818	22	
4	890	10	101	28	6	39	413	17	
3	851	3	93	44	445	30	
4	660	10	196	43	898	2	612	13	
4	375	50	563	24	978	20	77	11	
3	431	6	751	25	555	7	
2	961	50	994	32	
2	453	33	377	8	
2	391	28	174	3	
2	645	43	414	29	
4	630	1	215	38	583	9	855	4	
2	450	3	532	50	
4	872	19	566	21	525	31	386	34	
2	878	26	627	14	
3	162	2	89	24	540	21	
3	542	5	414	43	845	40	
4	306	40	0	3	71	41	697	37	
4	155	34	839	25	103	14	472	16	
2	16	39	723	37	
2	957	43	589	21	
3	438	31	450	4	896	44	
3	601	34	425	44	230	23	
3	626	17	686	17	245	17	
2	398	28	839	36	
3	763	27	97	48	80	43	
4	625	33	502	15	465	18	351	12	
2	278	7	985	50	
2	783	3	393	25	
3	195	29	809	31	806	15	
3	212	39	245	10	19	12	
2	910	1	661	38	
4	26	2	821	32	534	4	865	38	
4	497	5	640	2	600	46	940	44	
4	393	50	949	1	24	11	952	10	
2	240	26	611	50	
2	826	8	999	46	
4	458	24	252	49	711	22	591	1	
4	785	4	856	30	41	12	269	44	
4	63	23	173	11	767	39	937	27	
4	15	36	230	11	134	34	557	38	
2	207	49	128	41	
2	411	49	987	34	
2	721	10	707	47	
2	420	23	700	37	
3	711	20	550	8	258	26	
4	301	1	78	15	28	28	126	48	
3	734	18	54	50	350	38	
4	405	4	198	15	674	45	461	15	
3	125	43	877	6	206	4	
2	174	40	947	14	
4	697	20	6	40	579	50	244	5	
3	826	15	22	49	170	35	
2	220	32	253	33	
3	323	23	861	5	398	11	
4	913	3	379	14	121	47	843	2	
4	620	40	745	44	64	38	53	31	
3	619	34	577	33	697	48	
2	76	36	942	47	
3	543	31	548	16	606	44	
3	888	30	809	40	48	4	
4	961	43	284	35	593	22	332	24	
4	727	23	917	26	885	49	893	15	
3	28	22	568	27	176	4	
3	437	43	615	11	945	2	
4	267	21	71	4	985	45	602	26	
2	455	33	45	23	
3	265	15	881	5	487	21	
2	637	47	572	21	
2	873	27	347	39	
4	474	27	235	3	128	32	238	50	
4	986	38	494	19	246	7	711	31	
2	735	16	443	27	
3	207	13	497	20	531	21	
4	520	7	156	13	616	3	391	20	
3	59	50	299	17	216	48	
2	45	31	807	3	
3	413	12	959	4	259	3	
4	778	37	722	8	719	3	943	14	
2	812	21	516	36	
4	844	19	460	5	547	4	209	19	
4	653	46	238	38	371	38	839	7	
2	613	27	905	28	
2	793	45	589	40	
3	793	21	769	17	402	6	
2	500	35	58	13	
2	737	32	892	23	
4	192	5	987	48	22	38	985	15	
4	73	45	16	24	990	47	115	29	
4	121	23	189	29	245	36	22	13	
3	102	50	145	31	110	28	
3	824	37	718	47	169	47	
3	661	50	511	24	528	40	
4	300	31	473	31	753	4	140	42	
2	344	49	496	40	
4	887	6	864	47	13	45	976	30	
4	949	26	366	34	526	22	285	40	
2	933	23	981	49	
4	881	50	153	13	22	30	535	34	
3	278	26	683	49	298	49	
2	101	48	931	32	
4	926	22	116	14	110	5	979	35	
4	556	11	414	48	873	5	28	46	
2	245	22	468	45	
3	85	12	35	1	55	32	
4	146	23	807	2	994	39	383	26	
2	984	49	626	3	
4	249	18	428	11	71	26	100	39	
3	218	22	394	35	614	1	
4	35	46	688	32	578	39	764	36	
2	118	26	218	13	
2	892	16	677	30	
2	379	30	666	12	
2	94	17	254	25	
2	488	25	487	2	
3	674	3	615	36	428	18	
2	277	30	698	3	
4	874	49	247	45	722	19	61	50	
2	154	46	472	25	
4	179	40	789	49	552	24	119	28	
2	884	22	761	49	
4	136	14	99	36	975	20	662	15	
4	804	15	166	18	214	17	315	43	
2	146	45	48	39	
3	514	15	138	44	145	15	
3	708	43	948	20	841	47	
4	249	43	416	19	398	36	379	16	
3	536	38	953	48	705	49	
4	669	49	1	7	675	33	448	33	
4	685	32	709	18	499	23	596	8	
2	112	26	95	32	
2	452	7	699	45	
2	12	35	237	45	
3	85	13	263	15	901	1	
2	510	20	314	25	
3	354	48	293	4	954	50	
4	586	22	989	30	10	1	526	25	
3	264	40	418	9	570	31	
3	690	29	953	3	816	18	
4	673	13	229	27	693	50	902	39	
3	965	44	674	45	68	20	
3	797	31	912	22	640	19	
3	878	39	360	44	507	31	
4	365	9	52	34	724	39	724	14	
3	993	14	201	37	731	35	
4	437	24	674	28	377	26	521	38	
4	686	32	899	8	806	40	25	29	
4	501	44	752	23	50	36	478	14	
4	437	31	538	9	993	28	259	11	
4	994	28	629	50	351	18	842	32	
2	875	32	424	33	
4	60	15	72	6	142	31	42	33	
4	458	36	998	25	611	11	220	23	
4	411	42	732	44	561	7	454	14	
2	32	37	288	24	
4	352	46	452	8	369	18	188	2	
2	455	39	150	17	
2	496	26	379	18	
4	965	35	857	39	180	23	943	5	
3	678	17	484	27	586	17	
4	482	23	170	26	323	17	261	24	
2	865	1	382	6	
3	517	38	68	19	501	41	
3	954	1	486	23	130	35	
2	144	26	959	31	
3	436	5	998	13	548	22	
3	783	42	644	34	163	25	
4	960	30	233	34	398	25	553	18	
2	918	12	339	49	
2	64	26	314	33	
3	962	50	772	28	58	5	
4	125	36	430	8	893	22	402	22	
2	602	34	831	24	
2	395	13	898	23	
2	940	46	972	29	
2	418	16	262	24	
4	218	23	788	21	772	32	622	2	
3	117	26	760	20	661	41	
3	599	35	410	24	498	25	
4	309	34	906	17	911	47	570	29	
4	754	35	910	45	168	42	500	19	
3	784	34	952	15	814	45	
2	735	30	118	26	
2	848	2	452	33	
3	622	41	28	36	350	48	
4	624	50	602	35	869	36	143	8	
2	691	14	79	19	
4	238	23	44	12	448	44	989	42	
3	588	36	852	21	36	37	
2	636	46	475	15	
2	752	47	460	12	
2	863	23	919	22	
2	574	32	187	25	
4	609	47	180	29	260	16	993	15	
4	488	24	704	6	430	41	707	9	
4	887	26	110	10	962	23	887	17	
2	754	4	736	42	
2	39	46	383	41	
4	955	28	295	31	775	17	793	38	
3	276	7	222	50	991	30	
3	403	26	934	10	352	41	
4	441	3	561	17	794	16	254	39	
4	184	10	326	48	314	50	459	6	
2	777	40	134	28	
4	540	11	374	4	996	42	440	1	
3	735	8	765	47	202	19	
3	537	44	883	49	159	10	
2	697	13	857	49	
2	717	40	797	4	
4	179	16	576	23	856	45	635	50	
3	651	50	362	36	263	23	
2	706	49	719	12	
3	466	35	789	31	34	31	
2	177	14	746	37	
2	909	8	432	10	
2	374	22	815	6	
3	109	1	740	7	362	40	
3	179	13	206	20	328	32	
3	279	20	406	31	40	41	
3	565	49	99	1	122	13	
3	819	33	974	49	113	31	
4	688	49	207	44	404	43	744	23	
2	560	49	876	18	
3	511	2	387	25	161	11	
3	639	47	153	14	488	46	
2	780	46	873	1	
2	547	42	627	26	
2	2	27	573	37	
4	994	40	274	11	826	48	136	36	
2	630	32	678	14	
3	392	29	748	24	125	8	
3	658	24	956	40	586	39	
3	972	17	482	30	208	2	
2	776	13	242	8	
4	976	1	402	46	723	26	949	5	
3	21	44	773	9	271	47	
4	931	30	240	11	80	30	540	8	
4	562	32	694	36	460	5	63	32	
3	107	25	936	13	789	44	
3	105	36	398	37	48	18	
4	876	25	383	31	399	20	886	25	
2	874	6	533	32	
4	129	34	341	27	658	50	740	6	
4	137	45	23	1	28	15	764	40	
4	612	10	209	17	330	32	359	9	
2	961	8	29	17	
2	219	3	623	15	
2	34	36	854	14	
4	885	5	872	35	608	2	516	7	
2	682	4	503	15	
3	249	35	359	45	710	20	
2	502	40	325	4	
2	886	5	490	18	
3	782	50	739	2	991	49	
4	512	42	456	31	462	24	906	20	
2	717	24	457	7	
4	820	1	117	31	300	10	891	5	
2	930	48	262	41	
4	273	21	844	27	610	12	548	49	
3	938	32	577	37	114	2	
2	185	27	439	33	
4	303	32	354	19	359	42	74	34	
2	871	41	878	19	
4	254	24	625	35	124	49	786	33	
3	783	34	764	6	798	45	
4	891	26	427	46	578	46	338	32	
4	310	44	776	32	261	39	455	18	
2	536	12	327	4	
4	349	43	553	6	967	34	544	35	
2	424	2	561	26	
4	155	10	874	48	707	4	830	24	
4	510	4	475	7	990	14	407	46	
3	261	43	43	43	698	11	
2	843	23	885	9	
3	492	48	68	41	963	36	
3	116	5	212	12	270	47	
3	31	5	749	41	789	33	
2	119	14	500	2	
2	756	14	249	9	
3	818	29	614	11	825	13	
3	241	25	168	6	568	50	
4	725	3	795	23	380	33	981	48	
3	823	9	43	5	310	29	
4	228	18	293	46	112	38	543	26	
4	138	26	828	33	715	5	62	49	
4	82	21	73	14	287	8	238	6	
2	440	29	940	36	
2	135	28	178	34	
2	713	47	91	30	
4	513	1	654	7	594	26	389	47	
3	542	20	605	16	897	33	
3	543	46	501	17	805	7	
4	272	4	732	32	446	9	186	17	
2	247	46	854	10	
4	803	32	341	26	807	23	713	35	
3	162	2	979	1	521	15	
2	692	12	968	13	
4	799	10	504	27	608	50	306	43	
4	738	41	244	30	934	6	918	45	
2	702	15	128	38	
4	819	15	606	36	848	33	483	26	
3	266	11	529	7	676	46	
2	753	47	354	39	
3	504	35	97	44	776	10	
2	98	18	859	12	
2	260	5	481	36	
3	792	32	560	23	368	3	
4	33	30	810	28	723	42	579	25	
4	801	10	759	24	302	2	566	20	
4	940	46	58	21	299	38	362	5	
2	886	5	529	24	
3	815	34	496	46	748	37	
4	720	25	388	2	282	2	790	19	
3	986	4	623	31	872	21	
2	600	24	631	16	
4	997	44	276	7	86	9	217	12	
3	278	40	167	18	437	23	
4	349	4	827	4	973	5	25	33	
2	344	2	555	5	
4	848	41	898	43	480	28	375	49	
3	958	14	833	26	872	28	
3	572	27	757	3	516	22	
4	557	21	221	10	735	12	611	48	
4	364	14	614	1	903	25	602	23	
3	275	23	102	24	202	13	
4	776	50	368	20	555	43	148	4	
2	719	8	371	28	
3	208	18	409	39	59	28	
3	972	15	350	32	933	2	
4	115	18	346	37	937	3	56	16	
3	83	16	987	18	866	8	
4	494	21	844	28	736	16	529	23	
3	263	26	124	9	283	49	
2	186	11	840	8	
2	129	35	420	20	
2	88	48	177	13	
3	178	49	990	9	347	34	
3	326	8	812	31	936	37	
4	389	27	578	38	42	22	333	17	
2	334	36	17	47	
4	649	44	649	14	678	44	172	24	
4	380	15	68	33	958	22	352	5	
2	188	40	251	23	
4	751	23	887	11	155	18	988	30	
3	164	20	157	23	846	12	
3	219	24	800	16	218	15	
2	38	32	206	16	
4	271	43	506	24	319	37	736	32	
2	564	35	112	8	
3	373	22	196	13	506	44	
3	201	47	770	48	84	14	
3	99	18	87	15	789	17	
3	232	36	919	20	856	5	
4	797	4	751	36	14	1	394	32	
4	218	46	932	1	66	22	236	5	
4	870	11	659	1	709	22	130	27	
3	878	49	116	21	238	11	
3	994	7	335	48	111	32	
4	39	40	906	27	996	10	563	38	
4	27	28	187	49	592	39	421	42	
3	228	15	447	33	303	31	
4	410	17	592	26	713	29	54	19	
3	297	10	977	40	337	21	
3	377	2	486	32	309	41	
2	172	10	287	19	
2	357	37	590	23	
4	692	21	667	29	396	11	9	28	
2	218	4	870	34	
4	273	36	413	21	543	13	438	13	
2	723	11	385	26	
4	644	17	469	25	343	8	931	27	
2	466	46	311	12	
3	563	17	634	19	56	2	
4	337	15	829	49	404	33	103	40	
3	174	42	254	42	559	41	
2	784	36	999	46	
4	810	48	36	29	271	30	325	23	
2	907	44	656	17	
2	696	2	902	13	
2	766	19	846	36	
2	397	46	974	36	
2	171	9	449	26	
2	164	39	7	31	
4	479	19	62	28	747	36	647	40	
2	629	26	154	21	
3	826	44	316	8	116	23	
3	726	49	997	16	833	22	
2	875	35	88	22	
2	395	30	199	4	
3	927	39	278	14	144	10	
3	121	21	713	33	467	6	
2	104	7	486	45	
2	669	2	418	26	
2	290	24	558	31	
4	442	6	863	19	354	19	871	7	
3	636	39	79	3	992	19	
2	689	39	266	2	
4	277	15	409	24	578	5	195	19	
4	286	17	321	5	989	5	72	40	
2	798	17	981	13	
4	818	11	367	2	941	6	373	25	
2	608	10	202	9	
3	213	50	632	2	419	44	
3	164	19	454	49	523	17	
3	926	21	831	32	959	32	
3	917	39	973	46	997	14	
3	266	7	42	44	57	42	
4	682	19	59	6	594	23	72	30	
4	397	3	208	15	11	32	784	39	
3	82	16	572	2	839	14	
4	860	20	246	38	424	12	330	7	
2	262	20	323	46	
3	879	31	557	39	848	13	
2	12	9	962	2	
2	761	6	706	11	
2	199	8	979	27	
4	145	18	262	26	158	8	444	13	
3	442	11	435	8	210	21	
2	639	20	721	41	
2	581	47	785	8	
2	972	36	41	34	
2	504	24	56	8	
2	577	12	975	23	
2	202	10	965	14	
2	219	49	495	31	
3	744	34	571	45	911	20	
4	107	11	908	47	375	40	571	8	
3	892	12	231	36	967	30	
3	463	50	542	23	845	44	
3	671	43	29	28	526	32	
3	884	22	854	40	852	17	
3	977	10	319	27	356	9	
2	274	41	830	49	
4	199	13	541	35	634	37	910	4	
3	438	16	313	49	491	4	
4	325	42	433	7	800	25	300	47	
2	111	49	465	12	
3	546	9	232	39	380	17	
3	175	4	649	40	86	49	
2	832	37	582	50	
4	494	6	810	16	398	22	187	35	
2	852	5	365	41	
4	666	47	373	22	881	18	729	35	
2	277	36	54	23	
2	251	3	927	41	
3	753	46	731	14	309	41	
2	257	26	532	2	
2	264	36	886	1	
2	220	27	874	32	
4	853	35	78	48	859	33	608	14	
3	782	48	242	8	121	49	
2	14	18	750	4	
4	451	33	379	49	788	40	116	23	
3	93	16	749	48	659	26	
4	29	5	836	26	682	26	337	20	
4	39	30	371	44	645	30	670	34	
3	309	6	938	8	851	3	
4	114	10	139	43	854	4	989	43	
4	149	1	916	25	921	39	495	5	
3	956	23	222	35	366	9	
2	153	3	18	13	
4	324	32	852	37	757	50	668	15	
3	91	4	427	3	543	28	
3	738	23	185	22	935	34	
3	401	47	719	39	846	18	
2	715	12	967	4	
2	947	8	483	4	
4	164	45	712	1	248	39	337	40	
2	289	21	733	47	
4	926	7	600	34	667	32	838	41	
4	661	3	649	20	165	6	902	13	
2	32	37	97	43	
2	814	39	737	43	
4	419	15	732	9	893	46	775	47	
3	543	40	806	7	578	16	
3	508	48	17	7	170	25	
2	174	3	290	9	
2	521	45	10	15	
4	649	16	292	20	419	12	293	44	
3	912	31	864	36	376	32	
2	63	12	627	3	
4	992	29	307	18	840	2	28	7	
3	830	44	896	46	243	42	
2	459	29	458	3	
3	507	8	166	26	800	14	
4	614	44	900	4	94	3	27	34	
4	735	6	141	12	918	50	161	20	
3	45	2	687	41	163	18	
4	727	33	349	9	130	42	795	7	
3	657	6	676	45	832	20	
2	996	27	121	40	
2	148	13	136	28	
4	991	30	104	47	890	3	86	38	
2	876	35	983	46	
4	98	13	597	23	342	27	434	20	
4	690	12	734	9	704	23	44	27	
3	901	46	773	49	185	19	
2	881	10	909	41	
3	915	47	973	26	112	14	
